7
9
21
18307383776869938388328464270430889064119317604954166483990481090515650083601171136
3451266172641297317559877141698202372259532678527923430816461380097226814536544
7866784298331896182823447103457168173160834433872412843806690517
437774118140441763391042217968619990303018712110465657658812113465
3451266172641297317559877141698202372259532678527923430816461380097226814536544
7866784298331896182823447103457168173160834433872412843806690517
437774118140441763391042217968619990303018712110465657658812113465
18307383776869938388328464270430889064119317604954166483990481090515650083601171136
18307383776869938388328464270430889064119317604954166483990481090515650083601171136
1
0
0
